0.00001		,0.446
-0.000026	,0.446
0.0000095	,0.39
-0.0000162	,0.432
-0.0000105	,0.446
-0.0000404	,0.432
0.0000221	,0.404
0.0001169	,0.404
0.0000991	,0.46
0.0000304	,0.404
-0.0000073	,0.432
0.000013	,0.418
0.0000388	,0.39
0.0000278	,0.432
0.0000185	,0.418
-0.0000193	,0.404
0.0000239	,0.418
-0.0000127	,0.432
0.0000422	,0.418
0.0000309	,0.418
0.0000113	,0.418
0.0000252	,0.404
0.0000347	,0.418
0.0000492	,0.404
-0.0000389	,0.362
0.000023	,0.404
-0.0000036	,0.404
0.000029	,0.418
-0.0000265	,0.418
0.0000512	,0.418
0.0000494	,0.432
0.0000166	,0.418
0.0000243	,0.432
0.0000353	,0.432
-0.0000359	,0.432
0.0000167	,0.46
0.0000599	,0.724
0.0000976	,0.683
0.0001869	,1.184
0.0002939	,1.825
0.0004243	,2.382
0.0006531	,3.134
0.0007348	,3.816
0.0009199	,4.485
0.0010717	,5.293
0.0012553	,6.17
0.0014468	,7.034
0.0016079	,7.967
0.0018214	,8.886
0.0020491	,9.806
0.0022355	,10.767
0.0024452	,11.714
0.0026512	,12.633
0.0029326	,13.553
0.0031969	,14.5
0.0033073	,15.321
0.0035003	,16.227
0.0037041	,17.16
0.0040916	,18.065
0.0042394	,18.999
0.0043926	,19.862
0.004566	,20.837
0.0048932	,21.701
0.0052571	,22.634
0.0055236	,23.511
0.0056852	,24.389
0.0058322	,25.239
0.0060961	,26.13
0.0064046	,26.91
0.0067768	,27.774
0.0069572	,28.554
0.0071269	,29.375
0.0073444	,30.128
0.0076987	,30.991
0.0081302	,31.715
0.0083262	,32.495
0.0084381	,33.262
0.0086246	,33.986
0.0089897	,34.752
0.0093567	,35.393
0.0097276	,36.117
0.0098454	,36.841
0.0100646	,37.496
0.010292	,38.22
0.0107984	,38.917
0.0111669	,39.627
0.0114064	,40.309
0.0116044	,40.908
0.0117529	,41.535
0.0121503	,42.162
0.0126543	,42.817
0.0129847	,43.429
0.0131313	,44
0.0133857	,44.641
0.0137478	,45.254
0.0141652	,45.881
0.0145775	,46.438
0.0148486	,46.898
0.0151262	,47.524
0.0153467	,48.082
0.0156983	,48.611
0.0162289	,49.238
0.0167752	,49.753
0.017011	,50.282
0.0173088	,50.784
0.0176742	,51.341
0.0181664	,51.828
0.0186721	,52.33
0.0190786	,52.803
0.0193844	,53.249
0.0197141	,53.709
0.0201783	,54.21
0.0206361	,54.628
0.0210962	,55.115
0.0215215	,55.575
0.0218702	,55.826
0.0222983	,56.355
0.0227378	,56.773
0.0232517	,57.177
0.0238639	,57.706
0.0242801	,57.943
0.0247582	,58.389
0.025247	,58.876
0.0258429	,59.406
0.0264352	,59.726
0.0269638	,60.13
0.027471	,60.464
0.0279836	,60.798
0.0286014	,61.188
0.0291434	,61.564
0.0297004	,61.815
0.0302345	,62.163
0.0307176	,62.484
0.0311911	,62.846
0.0318866	,63.18
0.0324353	,63.528
0.0329397	,63.793
0.0333914	,63.96
0.0339815	,64.35
0.0345359	,64.754
0.035193	,64.949
0.0358138	,65.367
0.0364288	,65.673
0.0369209	,65.938
0.0375794	,66.3
0.0381446	,66.523
0.0387758	,66.732
0.0393882	,66.857
0.0399777	,66.969
0.0404541	,67.038
0.040885	,66.676
0.0414266	,67.011
0.0419849	,67.401
0.042464	,67.637
0.0430229	,67.986
0.0434879	,68.208
0.0441626	,68.612
0.0446259	,68.724
0.0452039	,68.974
0.0457838	,69.295
0.0462455	,69.518
0.0469858	,69.866
0.0475882	,70.144
0.0483031	,70.409
0.0488913	,70.688
0.0495265	,70.911
0.0501566	,71.078
0.0508102	,71.37
0.0515026	,71.593
0.0521312	,71.663
0.0527485	,71.788
0.0533731	,71.955
0.0540246	,72.22
0.0547809	,72.526
0.0554541	,72.638
0.0560947	,72.666
0.0566934	,72.902
0.057331	,73.014
0.0580395	,73.306
0.0587479	,73.459
0.0593764	,73.543
0.0600561	,73.724
0.0607604	,73.947
0.061453	,74.114
0.0621016	,74.365
0.0628312	,74.448
0.063609	,74.518
0.0643009	,74.56
0.0650538	,74.588
0.0658407	,74.852
0.066508	,74.908
0.0672598	,74.992
0.0679138	,74.992
0.0686599	,75.089
0.0693904	,75.201
0.0700977	,75.312
0.070852	,75.423
0.0714934	,75.479
0.0721647	,75.577
0.0728265	,75.632
0.0735006	,75.66
0.0742776	,75.702
0.0746777	,74.727
0.0749001	,72.568
0.0752952	,72.457
0.0748513	,70.158
0.0752836	,69.741
0.0762441	,67.832
0.0769242	,66.119
0.0773781	,65.938
0.0778364	,65.715
0.0782379	,65.966
0.0787021	,66.119
0.0789679	,66.119
0.0792844	,66.231
0.0796863	,66.426
0.0800368	,66.412
0.0804592	,66.439
0.0807652	,66.704
0.081061	,66.871
0.0813405	,66.941
0.0817689	,67.178
0.082125	,67.345
0.0826332	,67.665
0.0828959	,67.623
0.0831411	,67.651
0.0835991	,67.958
0.0839088	,67.874
0.0843317	,68.097
0.0846423	,68.181
0.0849538	,68.125
0.0852683	,68.208
0.086582	,68.194
0.0872661	,68.278
0.0830743	,68.376
0.0868384	,68.348
0.0880579	,68.32
0.0861932	,68.362
0.0887385	,68.501
0.0880831	,68.64
0.088737	,68.696
0.0900344	,68.863
0.089404	,68.933
0.0897426	,69.002
0.0900683	,69.142
0.090475	,69.351
0.092237	,69.434
0.0912437	,69.42
0.0908982	,69.462
0.093154	,69.518
0.091596	,69.671
0.0938975	,69.713
0.0943549	,69.713
0.0947216	,69.741
0.0949268	,69.838
0.0953274	,69.782
0.0952532	,69.908
0.0941681	,69.699
0.0947374	,69.796
0.0949878	,69.796
0.0954316	,69.81
0.0957118	,69.782
0.0961062	,69.741
0.0967311	,69.573
0.0972813	,69.434
0.0978564	,69.072
0.0984988	,68.543
0.0991139	,67.526
0.0924675	,66.384
0.1012992	,65.743
0.1021422	,65.576
0.1021835	,65.409
0.1025753	,65.451
0.1025238	,65.618
0.1030078	,65.632
0.0994608	,65.632
0.1040686	,65.813
0.1041675	,65.771
0.1048291	,66.022
0.1042105	,66.119
0.1053425	,65.924
0.1058083	,65.994
0.1062777	,66.077
0.1066559	,66.189
0.1056895	,66.272
0.1060506	,66.314
0.1073941	,66.328
0.1065779	,66.258
0.0987945	,66.258
0.1069059	,66.119
0.1074195	,65.98
0.1076924	,65.868
0.1079366	,65.687
0.1082419	,65.659
0.1094839	,65.59
0.0992117	,65.451
0.1096653	,64.977
0.1115121	,61.481
0.1120791	,60.966
0.1129391	,60.757
0.1133405	,60.673
0.1138468	,60.757
0.1142781	,60.757
0.1146058	,60.84
0.1151045	,60.868
0.1154297	,60.993
0.1158872	,61.007
0.1148995	,60.966
0.107456	,60.589
0.1194186	,57.734
0.1201328	,56.745
0.1200976	,55.951
0.1127431	,55.394
0.1131489	,55.046
0.1131511	,54.767
0.11318		,54.572
0.1168484	,54.377
0.1204244	,54.28
